0	0	0	1	0	0	1	1	1	1	0	1	1	1	1	1	1	0	0	0.1677486
0	0	0	1	0	1	0	1	1	1	0	1	0	1	1	1	1	1	0	0.1900654
0	0	0	1	0	1	1	1	1	0	0	1	0	0	0	0	1	0	0	0.1861592
0	0	0	1	0	1	1	1	1	0	0	1	0	1	0	0	1	0	0	0.1849564
0	0	0	1	0	1	1	1	1	1	0	0	0	0	1	1	0	1	0	0.2508206
0	0	0	1	0	1	1	1	1	1	0	1	0	0	1	0	1	1	0	0.2663536
0	0	0	1	0	1	1	1	1	1	0	1	0	0	1	1	1	1	0	0.1788838
0	0	0	1	0	1	1	1	1	1	0	1	0	1	0	0	1	0	0	0.236799
0	0	0	1	0	1	1	1	1	1	0	1	1	1	1	0	1	1	0	0.2186626
0	0	0	1	0	1	1	1	1	1	0	1	1	1	1	1	1	0	0	0.1834996
0	0	0	1	0	1	1	1	1	1	1	1	0	0	0	0	1	1	0	0.2228266
0	0	0	1	0	1	1	1	1	1	1	1	1	0	1	1	0	0	1	0.2048538
0	0	0	1	1	1	0	1	1	1	0	0	1	1	0	1	0	1	1	0.1857456
0	0	0	1	1	1	0	1	1	1	0	0	1	1	0	1	1	1	1	0.180097
0	0	0	1	1	1	0	1	1	1	0	1	0	1	1	1	1	1	0	0.188846
0	0	0	1	1	1	1	1	1	0	1	1	0	0	0	1	0	0	0	0.2366778
0	0	0	1	1	1	1	1	1	1	0	0	1	0	0	1	1	1	0	0.2405516
0	0	1	1	0	0	1	1	1	0	0	0	1	0	0	1	1	0	1	0.24042
0	0	1	1	0	0	1	1	1	1	0	1	0	1	0	0	1	0	0	0.1894108
0	0	1	1	0	1	1	0	1	1	0	1	1	0	1	0	1	1	0	0.288647
0	0	1	1	0	1	1	1	1	0	0	1	0	0	0	0	1	1	0	0.169604
0	0	1	1	0	1	1	1	1	0	0	1	0	1	1	0	1	0	1	0.1879208
0	0	1	1	0	1	1	1	1	0	1	0	0	0	0	0	1	0	1	0.1748038
0	0	1	1	0	1	1	1	1	0	1	0	0	1	0	0	1	0	1	0.2297058
0	0	1	1	0	1	1	1	1	0	1	0	0	1	1	0	1	0	1	0.2183356
0	0	1	1	0	1	1	1	1	1	0	1	0	0	1	1	1	1	0	0.210197
0	0	1	1	0	1	1	1	1	1	0	1	1	0	1	0	0	0	1	0.2504698
0	0	1	1	0	1	1	1	1	1	0	1	1	0	1	0	1	1	0	0.1701056
0	0	1	1	1	0	0	1	1	1	0	1	0	1	1	0	1	0	0	0.2340378
0	1	0	0	0	1	1	1	1	0	0	1	1	0	1	0	1	1	1	0.2766578
0	1	0	1	0	1	0	1	1	0	0	1	0	0	1	0	1	1	0	0.1858482
0	1	0	1	0	1	0	1	1	0	0	1	0	0	1	1	1	1	0	0.1869014
0	1	0	1	0	1	1	1	1	0	0	1	1	0	1	1	1	1	0	0.1877958
0	1	0	1	1	1	0	1	1	1	0	0	1	1	0	1	0	1	1	0.2313198
0	1	1	1	0	0	1	1	1	0	0	0	1	0	0	1	1	0	1	0.1718014
0	1	1	1	0	0	1	1	1	0	0	1	1	0	0	0	1	1	1	0.2236846
0	1	1	1	0	0	1	1	1	0	1	1	1	0	1	0	1	0	1	0.2280584
0	1	1	1	0	1	0	1	1	0	0	1	1	0	1	0	1	1	1	0.1742458
0	1	1	1	0	1	1	1	1	0	0	0	1	1	1	0	0	0	1	0.2650084
0	1	1	1	0	1	1	1	1	0	0	1	1	0	1	0	0	0	0	0.2227138
0	1	1	1	0	1	1	1	1	0	0	1	1	0	1	0	0	0	1	0.212966
0	1	1	1	0	1	1	1	1	0	0	1	1	0	1	0	1	0	1	0.2161352
0	1	1	1	0	1	1	1	1	0	0	1	1	0	1	0	1	1	0	0.2257394
0	1	1	1	0	1	1	1	1	0	0	1	1	0	1	0	1	1	1	0.1899516
0	1	1	1	0	1	1	1	1	0	0	1	1	1	1	0	0	0	1	0.173526
0	1	1	1	0	1	1	1	1	0	1	1	1	0	1	0	0	0	1	0.1683874
0	1	1	1	0	1	1	1	1	0	1	1	1	0	1	0	1	0	1	0.18114
0	1	1	1	1	1	1	1	1	0	0	1	1	0	0	1	0	0	0	0.2118226
0	1	1	1	1	1	1	1	1	0	0	1	1	0	0	1	0	1	0	0.170619
1	0	0	1	0	0	0	1	1	1	1	1	0	0	0	1	1	1	0	0.1743954
1	0	0	1	0	0	0	1	1	1	1	1	1	0	0	1	1	1	0	0.2270262
1	0	0	1	0	0	1	0	1	1	0	1	0	1	0	0	1	1	0	0.3177652
1	0	0	1	0	0	1	1	1	0	0	1	0	0	1	0	0	0	0	0.22288
1	0	0	1	0	0	1	1	1	0	0	1	0	1	1	0	1	0	0	0.1882228
1	0	0	1	0	0	1	1	1	0	0	1	1	1	0	0	1	1	0	0.188469
1	0	0	1	0	0	1	1	1	1	0	1	0	1	0	0	0	1	0	0.258899
1	0	0	1	0	0	1	1	1	1	0	1	0	1	0	0	1	1	0	0.1894564
1	0	0	1	0	0	1	1	1	1	0	1	0	1	0	1	1	1	0	0.2132128
1	0	0	1	0	0	1	1	1	1	0	1	0	1	1	0	0	0	0	0.209683
1	0	0	1	0	0	1	1	1	1	0	1	0	1	1	0	0	1	0	0.178189
1	0	0	1	0	0	1	1	1	1	0	1	0	1	1	0	1	1	0	0.1751808
1	0	0	1	0	1	0	1	1	0	0	1	0	0	1	0	0	1	0	0.1833804
1	0	0	1	0	1	0	1	1	1	1	1	0	0	0	1	1	0	0	0.2304644
1	0	0	1	0	1	1	1	1	0	0	1	0	0	0	0	1	0	0	0.1879224
1	0	0	1	0	1	1	1	1	0	0	1	0	1	0	0	1	0	0	0.2692142
1	0	0	1	0	1	1	1	1	1	0	1	1	0	1	1	0	0	0	0.186435
1	0	0	1	1	1	0	1	1	1	0	0	0	1	0	0	1	0	0	0.186055
1	0	1	1	0	0	1	1	1	0	0	1	0	1	1	0	0	0	0	0.2456348
1	0	1	1	0	0	1	1	1	0	0	1	1	0	1	1	0	1	1	0.2616524
1	0	1	1	0	0	1	1	1	0	0	1	1	1	1	1	0	1	1	0.1877636
1	0	1	1	0	0	1	1	1	1	0	1	0	0	0	0	0	1	0	0.1876284
1	0	1	1	0	1	0	1	1	0	0	1	1	1	0	0	0	0	1	0.2164254
1	0	1	1	0	1	0	1	1	1	0	1	1	0	0	0	0	0	1	0.237689
1	0	1	1	0	1	0	1	1	1	0	1	1	1	0	0	0	1	0	0.1818474
1	0	1	1	0	1	1	1	1	1	0	1	1	1	0	0	1	0	0	0.1900394
1	0	1	1	1	1	0	1	1	1	0	1	1	1	0	0	0	1	0	0.2229302
1	0	1	1	1	1	1	1	1	0	0	0	1	0	0	0	0	0	0	0.1806338
1	0	1	1	1	1	1	1	1	0	0	1	1	0	0	0	0	0	0	0.2401946
1	0	1	1	1	1	1	1	1	1	1	1	1	0	0	1	0	1	0	0.1860718
1	1	0	1	0	1	0	1	1	1	0	1	1	0	1	1	1	1	0	0.186777
1	1	0	1	0	1	1	1	1	0	0	1	0	1	0	1	1	0	0	0.2232576
1	1	1	1	0	0	1	1	1	0	0	0	1	0	0	1	1	0	0	0.1890848
1	1	1	1	0	0	1	1	1	0	0	0	1	0	0	1	1	0	1	0.1885782
1	1	1	1	0	0	1	1	1	0	1	0	1	0	0	1	1	0	0	0.2271998
1	1	1	1	0	0	1	1	1	0	1	0	1	0	0	1	1	0	1	0.2112142
1	1	1	1	0	0	1	1	1	0	1	1	0	0	0	0	1	1	1	0.2473754
1	1	1	1	0	1	0	1	1	1	0	1	1	0	0	1	0	1	0	0.1731422
1	1	1	1	0	1	1	0	1	0	0	1	1	0	0	0	0	0	0	0.2533244
1	1	1	1	0	1	1	1	1	0	0	0	0	1	0	0	1	0	1	0.1903098
1	1	1	1	0	1	1	1	1	0	0	0	1	0	0	1	1	0	0	0.2567892
1	1	1	1	0	1	1	1	1	0	0	0	1	1	0	0	0	0	1	0.1852202
1	1	1	1	0	1	1	1	1	0	0	1	0	0	0	0	0	0	1	0.232551
1	1	1	1	0	1	1	1	1	0	0	1	1	0	0	0	0	0	0	0.1861324
1	1	1	1	0	1	1	1	1	0	0	1	1	0	0	0	0	0	1	0.1831676
1	1	1	1	0	1	1	1	1	0	0	1	1	0	0	0	1	0	1	0.1944672
1	1	1	1	0	1	1	1	1	0	0	1	1	0	1	0	0	0	1	0.1886234
1	1	1	1	0	1	1	1	1	0	0	1	1	1	0	0	0	0	1	0.207455
1	1	1	1	0	1	1	1	1	1	0	1	1	0	0	0	1	1	0	0.2053378
1	1	1	1	1	1	1	1	1	0	0	1	1	0	0	0	0	0	0	0.2233438
1	1	1	1	1	1	1	1	1	0	0	1	1	0	0	0	1	0	0	0.2003108